$ 1 0.000015625 38.696464541249114 24 12 43
184 -112 144 368 144 2048 2
184 144 480 288 480 2048 2
R 720 160 864 160 0 0 40 12 0 0 0.5
r 720 160 496 160 0 820
209 496 160 496 224 0 0.0000047 11.999994666697697 25
g 592 224 592 256 0
d 592 224 496 224 2 1N4148
r 496 224 496 304 0 910
t 496 304 608 304 0 1 -4.999997015242961 0.000002983956945028491 50
R 608 288 768 288 0 0 40 5 0 0 0.5
t 368 192 432 192 0 1 -11.999998886324612 9.999999999321076e-11 50
g 432 208 432 256 0
w 432 176 432 160 0
w 432 160 496 160 0
r 496 368 496 416 0 2200
g 496 416 496 480 0
w -16 112 240 112 0
w 240 112 240 448 0
w 208 448 208 96 0
w 208 96 -48 96 0
w -48 96 -48 112 0
g -144 272 -144 320 0
w -144 272 -112 272 0
w -144 272 -144 240 0
w -144 240 -112 240 0
w -144 240 -144 208 0
w -144 208 -112 208 0
R -192 176 -256 176 0 0 40 5 0 0 0.5
r 16 272 112 272 0 1000
w 112 272 304 272 0
w 304 272 304 192 0
w 304 192 368 192 0
R 16 576 -112 576 1 2 1000 2.5 2.5 0 0.5
w 144 576 16 576 0
R 16 544 -112 544 1 2 500 2.5 2.5 0 0.5
w 16 544 144 544 0
g 96 512 96 432 0
w 96 512 144 512 0
d 416 432 352 432 2 1N4148
w 416 432 416 336 0
w 416 336 496 336 0
w 496 336 496 304 0
w 496 336 496 368 0
w 352 432 352 608 0
w 352 608 272 608 0
R 16 608 -112 608 1 2 120 2.5 2.5 0 0.5
w 16 608 144 608 0
w -80 -16 -48 -16 0
w -48 -16 -48 96 0
w -80 64 -16 64 0
w -16 64 -16 112 0
O 672 320 768 320 0
w 608 320 672 320 0
211 672 352 672 448 0 4 8000 1
R -128 0 -208 0 1 2 0.5 2.5 2.5 2.748893571891069 0.5
R -128 80 -208 80 1 2 0.25 2.5 2.5 2.9452431127404313 0.5
c 720 160 720 208 0 1e-7 12
g 720 208 720 224 0
w 608 320 608 384 0
r 608 384 608 432 0 8000
g 608 432 608 464 0
r -192 176 -112 176 0 1000
R -176 -64 -256 -64 1 2 1 2.5 2.5 0 0.125
152 -128 -16 -80 -16 0 2 5 5
w -176 -64 -160 -64 0
w -160 -64 -160 -32 0
w -160 -32 -128 -32 0
152 -128 64 -80 64 0 2 0 5
w -160 -32 -160 48 0
w -160 48 -128 48 0
210 752 352 752 448 0 288000
w 672 320 672 352 0
w 672 352 752 352 0
o 51 64 0 4098 5 0.1 0 1
o 44 8 0 4099 10 0.00009765625 1 2 44 3
o 55 128 0 4099 0.0000762939453125 0.00009765625 2 2 55 3
38 0 2 1 1000 \h\sof\sSelect\sBits
